0.148677693764489
0.140811298168802
0.067558696
0.105704240315265
0.165489125116283
0.0977176054394722
0.117330018249818
0.06727345
0.111248903
0.104844409466276
0.053382816
0.106959785
0.09333391
0.038109999
0.10644958782778
0.052572314
0.12387277893424001
0.152622020445256
0.060484862
0.125470547573442
0.045368114
0.035246786
0.08077071
0.038002843
0.064483273
0.059220153000000005
0.101752349369182
0.124517553194542
0.060160927999999995
0.034849965
0.052777223
0.071952192
0.097887226
0.056893124999999996
0.156768927288594
0.117156035949718
0.10722990298726301
0.122410482680657
0.047024490999999995
0.0984137260093724
0.164267512725012
0.042560251
0.0846159218259611
0.056977362999999996
0.14562704000208798
0.0956460186966955
0.0680001253327215
0.174777756354209
0.123989472721484
0.0841387930496996
0.201770804422988
0.069734517
0.123134448122374
0.058530263
0.07338995171292591
0.07655638668631219
0.10059102776421401
0.034969739
0.12951893316140498
0.113534377365035
0.033565196
0.035565941000000004
0.063896016
0.09300263099999999
0.0906044252563559
0.0847827441608237
0.0664275327033229
0.07997678500000001
0.118563846691398
0.105914433
0.0826736484992312
0.120446724
0.035044877999999995
0.053399859
0.177532863677
0.17494549371834298
0.121079471017895
0.08195075483662301
0.09721468
0.07371979463826951
0.100051205723294
0.12349557826425399
0.12066265297012001
0.181300233186709
0.069969931
0.108702937
0.173661180923352
0.103264729687894
0.0813396988110919
0.109744673647742
0.103401108742832
0.103098540399715
0.069088175
0.065219465
0.16442274877958102
0.046395428
0.106950111
0.0992136241503465
0.067499786
0.118165849114654
0.119003917
0.037958781000000004
0.058456363000000004
0.0828706291047983
0.18221387889251098
0.068910381
0.134404007459036
0.065096478
0.0956289697654171
0.103160954
0.076831313
0.129778850890173
0.12314205119968
0.083070353
0.0772171854358359
0.124477056990878
0.046927267
0.0978782856129676
0.073676697
0.0974777479740292
0.07701669
0.131312409
0.074078088
0.106259354651732
0.097882865
0.065362667
0.049766841
0.133748189
0.06972590499999999
0.034972377
0.031287384
0.150520979419696
0.0826352067692067
0.061515409
0.094671365718777
0.109821143266921
0.0925735744205409
0.085843324
0.07197774800000001
0.059315777
0.043622127999999996
0.062737664
0.104916098
0.083022119
0.144099383437376
0.081546636
0.0713758574610297
0.150099754675258
0.112722789594041
0.120024233
0.154642847281656
0.149121189927755
0.039661233000000004
0.070617132
0.116986286168323
0.058825805
0.07187632499999999
0.170208680700162
0.065233051
0.095726492
0.07521395800000001
0.043724255999999996
0.037199152
0.073778459
0.077128402
0.140095253
0.066724595
0.034172285000000004
0.065282172
0.067330845
0.066693029
0.047599805160645194
0.07989289599999999
0.107900314
0.133817773
0.055213963
0.058036748000000006
0.078292946
0.09690668599999999
0.101503604386267
0.061651445
0.156703348344778
0.144150013
0.11669631768555801
0.047207774
0.117019231
0.06901307799999999
0.0956596905710379
0.063749588
0.10592009893202299
0.068626466
0.0968558530339681
0.055126886
