5.000000000000000104e-04 4.425175739970719007e-06 1.287728534637889598e-05
1.000000000000000021e-03 4.118299655145379878e-02 4.371285989276380707e-02
1.500000000000000031e-03 6.797920927934034130e-02 6.669903044814631810e-02
2.000000000000000042e-03 6.933417336402805664e-02 7.074057835188396481e-02
4.000000000000000083e-03 7.076504833186626764e-02 7.009731475826870561e-02
6.000000000000000125e-03 7.315619532454027685e-02 6.946115869603473880e-02
8.000000000000000167e-03 7.467419878484901630e-02 6.868799753053146662e-02
1.000000000000000021e-02 7.555915274603151877e-02 6.770154621426692498e-02
1.200000000000000025e-02 7.611320300592701316e-02 6.657513501022872815e-02
1.400000000000000029e-02 7.649181397842619301e-02 6.537586804691264408e-02
1.600000000000000033e-02 7.676885743405195694e-02 6.414900673542829612e-02
1.799999999999999864e-02 7.697422342677219531e-02 6.292310610328871734e-02
2.000000000000000042e-02 7.712570099038139337e-02 6.171462801841453433e-02
2.199999999999999872e-02 7.723392730206557477e-02 6.053407652713790887e-02
2.400000000000000050e-02 7.730603446529916989e-02 5.938802353849895882e-02
2.599999999999999881e-02 7.734762021648347585e-02 5.827959898646511983e-02
2.800000000000000058e-02 7.736488243363701112e-02 5.721049270559162847e-02
2.999999999999999889e-02 7.735862599119203153e-02 5.618209901678188067e-02
3.500000000000000333e-02 7.723592651764221717e-02 5.377375877356544570e-02
4.000000000000000083e-02 7.702529559939061410e-02 5.162043757290592227e-02
4.499999999999999833e-02 7.674528489815654608e-02 4.968933301905531508e-02
5.000000000000000278e-02 7.640585716962337848e-02 4.795521184818395122e-02
5.500000000000000028e-02 7.601240331225457558e-02 4.639360679960336659e-02
5.999999999999999778e-02 7.557321569923364235e-02 4.498166855103040429e-02
6.500000000000000222e-02 7.509277679568825137e-02 4.369859854986879455e-02
7.000000000000000666e-02 7.457430592418208548e-02 4.252998181520607074e-02
7.499999999999999722e-02 7.402031855431843999e-02 4.146597153515248907e-02
8.000000000000000167e-02 7.343366430873367323e-02 4.049474734269410681e-02
8.500000000000000611e-02 7.281993828192086238e-02 3.959942926832177995e-02
8.999999999999999667e-02 7.218541525358966593e-02 3.876942710084235744e-02
9.500000000000000111e-02 7.153560856804389023e-02 3.799780768029575873e-02
