5.000000000000000104e-04 3.521846828970846393e-05 4.149573832026069801e-05
1.000000000000000021e-03 4.072570109612147493e-02 3.484035006533935108e-02
1.500000000000000031e-03 -5.333591374160510934e-02 8.234856534783321913e-02
2.000000000000000042e-03 -1.301486479408446306e-01 9.395833014073073919e-02
4.000000000000000083e-03 -1.823992757590019165e-01 9.404583465247734475e-02
6.000000000000000125e-03 -1.897529048369459292e-01 9.721737961154088004e-02
8.000000000000000167e-03 -1.900220040823501211e-01 9.816325640256350071e-02
1.000000000000000021e-02 -1.883649635399957667e-01 9.788614390731098513e-02
1.200000000000000025e-02 -1.858919645730898185e-01 9.702046847057931023e-02
1.400000000000000029e-02 -1.829842991162573540e-01 9.588419821618325567e-02
1.600000000000000033e-02 -1.798304784539556667e-01 9.462860059820391023e-02
1.799999999999999864e-02 -1.765351193780450301e-01 9.333814214792085506e-02
2.000000000000000042e-02 -1.731709557846088932e-01 9.204794990543060940e-02
2.199999999999999872e-02 -1.697861140473964914e-01 9.077698305182600735e-02
2.400000000000000050e-02 -1.664159683573437631e-01 8.953567342320835343e-02
2.599999999999999881e-02 -1.630801666103345593e-01 8.833419035878471715e-02
2.800000000000000058e-02 -1.598072698218971077e-01 8.716706076531784142e-02
2.999999999999999889e-02 -1.566025863247505756e-01 8.603961432931057918e-02
3.500000000000000333e-02 -1.489556178674512343e-01 8.329510700681275193e-02
4.000000000000000083e-02 -1.418757091938655235e-01 8.085725118874610706e-02
4.499999999999999833e-02 -1.353103969619368907e-01 7.866414368955748637e-02
5.000000000000000278e-02 -1.292336770553159930e-01 7.666605788618943707e-02
5.500000000000000028e-02 -1.236040653488763713e-01 7.483884391128954594e-02
5.999999999999999778e-02 -1.183838484110043832e-01 7.317319397976665418e-02
6.500000000000000222e-02 -1.135345929143307814e-01 7.166309342564507190e-02
7.000000000000000666e-02 -1.090228790771454320e-01 7.030305413209307630e-02
7.499999999999999722e-02 -1.048217498128522079e-01 6.908588473239175853e-02
8.000000000000000167e-02 -1.009090866159500360e-01 6.799903923110287018e-02
8.500000000000000611e-02 -9.726355788665416724e-02 6.702556947849043489e-02
8.999999999999999667e-02 -9.386417159410309630e-02 6.614670488600031539e-02
9.500000000000000111e-02 -9.069032569605837979e-02 6.534371272813928322e-02
