5.000000000000000104e-04 4.707505306463693586e-06 1.623173235699678754e-05
1.000000000000000021e-03 3.962746683474057535e-02 5.039021036932979369e-02
1.500000000000000031e-03 6.787883389235070675e-02 7.600070912527409628e-02
2.000000000000000042e-03 6.935759716426551091e-02 8.176667664190639950e-02
4.000000000000000083e-03 7.047720646225524854e-02 8.282429758381433527e-02
6.000000000000000125e-03 7.215447241381668653e-02 8.241229267725219687e-02
8.000000000000000167e-03 7.322867795285746551e-02 8.160447325324915457e-02
1.000000000000000021e-02 7.395585543707140774e-02 8.047881217414229460e-02
1.200000000000000025e-02 7.447809543773922791e-02 7.917187038793320475e-02
1.400000000000000029e-02 7.485969006446364926e-02 7.779341897674615924e-02
1.600000000000000033e-02 7.514079742205785617e-02 7.639907041770956087e-02
1.799999999999999864e-02 7.534834104822543677e-02 7.501382260329161888e-02
2.000000000000000042e-02 7.550365750720085256e-02 7.365227132588814118e-02
2.199999999999999872e-02 7.561530936645358136e-02 7.232475015367589855e-02
2.400000000000000050e-02 7.568778150410104821e-02 7.103778350094164251e-02
2.599999999999999881e-02 7.572653547808178010e-02 6.979468179475697975e-02
2.800000000000000058e-02 7.573672348265714227e-02 6.859742334080475012e-02
2.999999999999999889e-02 7.572065538883915314e-02 6.744838634155936319e-02
3.500000000000000333e-02 7.556844121733008457e-02 6.473830030342719866e-02
4.000000000000000083e-02 7.531635905488616445e-02 6.234989822168450491e-02
4.499999999999999833e-02 7.499420067562977132e-02 6.020964912755739223e-02
5.000000000000000278e-02 7.460769334265372754e-02 5.829299858083180491e-02
5.500000000000000028e-02 7.416409244477889517e-02 5.656320259803894468e-02
5.999999999999999778e-02 7.366338519043008626e-02 5.501505189653352335e-02
6.500000000000000222e-02 7.311371823913560830e-02 5.365133615158174801e-02
7.000000000000000666e-02 7.252780196415976877e-02 5.245042615252764467e-02
7.499999999999999722e-02 7.192129627763696464e-02 5.136927070678794921e-02
8.000000000000000167e-02 7.130253382863072087e-02 5.037257781570748244e-02
8.500000000000000611e-02 7.067570348432002103e-02 4.943450094221749080e-02
8.999999999999999667e-02 7.004463523227182076e-02 4.853374344273315988e-02
9.500000000000000111e-02 6.941588378659421799e-02 4.765890456198503683e-02
