5.000000000000000104e-04 1.063720819451393989e-04 1.484257074176623884e-04
1.000000000000000021e-03 9.911766302903779469e-02 8.579229762291061545e-02
1.500000000000000031e-03 7.344374819844279312e-02 1.716032732826429374e-01
2.000000000000000042e-03 3.222444518906490002e-02 2.142364455632161380e-01
4.000000000000000083e-03 5.263984476349845183e-03 2.431562251541531938e-01
6.000000000000000125e-03 1.089801027312500836e-03 2.478173235214770065e-01
8.000000000000000167e-03 -2.521428959321517769e-04 2.469802620066720855e-01
1.000000000000000021e-02 -8.797050045584157594e-04 2.444305784067664356e-01
1.200000000000000025e-02 -1.136253652782694048e-03 2.412211026659197288e-01
1.400000000000000029e-02 -1.137608584384671752e-03 2.377408466982554036e-01
1.600000000000000033e-02 -9.535592427165544109e-04 2.341631866354368929e-01
1.799999999999999864e-02 -6.303269903047739034e-04 2.305756990413589391e-01
2.000000000000000042e-02 -2.022023759885077296e-04 2.270295158647410994e-01
2.199999999999999872e-02 3.025013331957716422e-04 2.235515593083356733e-01
2.400000000000000050e-02 8.590093171625731022e-04 2.201553193928391106e-01
2.599999999999999881e-02 1.450659698078925587e-03 2.168470321720702976e-01
2.800000000000000058e-02 2.058172802733405828e-03 2.136327282103998304e-01
2.999999999999999889e-02 2.671706814013703486e-03 2.105091583234464936e-01
3.500000000000000333e-02 4.216179713199712416e-03 2.031040286037536780e-01
4.000000000000000083e-02 5.618542907668108884e-03 1.962526316156783246e-01
4.499999999999999833e-02 6.899262931902191455e-03 1.899017258216218196e-01
5.000000000000000278e-02 8.058645621683964422e-03 1.840047366575204568e-01
5.500000000000000028e-02 9.106029413512675350e-03 1.785165131823341633e-01
5.999999999999999778e-02 1.004799277122972109e-02 1.734032408438848372e-01
6.500000000000000222e-02 1.089402195857518477e-02 1.686328481866978535e-01
7.000000000000000666e-02 1.165405970826501568e-02 1.641787085186300343e-01
7.499999999999999722e-02 1.233665181381937009e-02 1.600165842495741286e-01
8.000000000000000167e-02 1.294362907394153162e-02 1.561198207235740265e-01
8.500000000000000611e-02 1.347801536474724400e-02 1.524675752928450201e-01
8.999999999999999667e-02 1.394571208955501518e-02 1.490419905892091113e-01
9.500000000000000111e-02 1.435355226847375744e-02 1.458250563123154320e-01
