5.000000000000000104e-04 2.088691250412572239e-04 1.829909415904837052e-04
1.000000000000000021e-03 1.832314997160684744e-01 6.502014447616130677e-02
1.500000000000000031e-03 2.560703191623268093e-01 7.478577979269100673e-02
2.000000000000000042e-03 2.661234851560393966e-01 8.128800325650900604e-02
4.000000000000000083e-03 2.755936035038254461e-01 8.800517817600146675e-02
6.000000000000000125e-03 2.759994232184494467e-01 9.069388172873300846e-02
8.000000000000000167e-03 2.731120425769437698e-01 9.156365795775743555e-02
1.000000000000000021e-02 2.691935019171926013e-01 9.183861991808071890e-02
1.200000000000000025e-02 2.650050298547093619e-01 9.189873532446321547e-02
1.400000000000000029e-02 2.608132203164764684e-01 9.188144804708761604e-02
1.600000000000000033e-02 2.567193031094511246e-01 9.182888313426493254e-02
1.799999999999999864e-02 2.527611757025978179e-01 9.176076495523283194e-02
2.000000000000000042e-02 2.489599253306759019e-01 9.168018187777447758e-02
2.199999999999999872e-02 2.453157795799981999e-01 9.159155829644215208e-02
2.400000000000000050e-02 2.418192320633110459e-01 9.149198376101845553e-02
2.599999999999999881e-02 2.384579222728049896e-01 9.138557654520629292e-02
2.800000000000000058e-02 2.352259403431333218e-01 9.125738342730968511e-02
2.999999999999999889e-02 2.321069139561823258e-01 9.111153182993642075e-02
3.500000000000000333e-02 2.248607194798108722e-01 9.054812554111961453e-02
4.000000000000000083e-02 2.180845574559913125e-01 8.999470701525823235e-02
4.499999999999999833e-02 2.117528028997987255e-01 8.944293059980285010e-02
5.000000000000000278e-02 2.058287431790060684e-01 8.886953008580809887e-02
5.500000000000000028e-02 2.002754107469967848e-01 8.826346249144390033e-02
5.999999999999999778e-02 1.950545340316181542e-01 8.764514062246644976e-02
6.500000000000000222e-02 1.901339009446096351e-01 8.702494815340731937e-02
7.000000000000000666e-02 1.854896354429586558e-01 8.640861502072490208e-02
7.499999999999999722e-02 1.811037617845534520e-01 8.578871064388626788e-02
8.000000000000000167e-02 1.769488862515743166e-01 8.516160911790114640e-02
8.500000000000000611e-02 1.730016603766182937e-01 8.454454873211585120e-02
8.999999999999999667e-02 1.692462474583294185e-01 8.395365273012940499e-02
9.500000000000000111e-02 1.656696461896178807e-01 8.339741227634774046e-02
