5.000000000000000104e-04 4.540860697767846436e-06 1.434760604019436056e-05
1.000000000000000021e-03 4.054561594741201702e-02 4.657113306574440365e-02
1.500000000000000031e-03 6.793808031593771835e-02 7.065865515778671502e-02
2.000000000000000042e-03 6.934377130084910801e-02 7.545363643110725160e-02
4.000000000000000083e-03 7.064710469970679474e-02 7.557198223501238044e-02
6.000000000000000125e-03 7.274573787904151101e-02 7.504031673643377087e-02
8.000000000000000167e-03 7.408189448416584166e-02 7.425615153291889592e-02
1.000000000000000021e-02 7.490219930035721396e-02 7.321147361943240728e-02
1.200000000000000025e-02 7.544321525944606976e-02 7.200814469139608931e-02
1.400000000000000029e-02 7.582304878868068032e-02 7.073266181023482591e-02
1.600000000000000033e-02 7.610175743415371896e-02 6.943496688735231737e-02
1.799999999999999864e-02 7.630801571540252182e-02 6.814192715918263032e-02
2.000000000000000042e-02 7.646106627207069351e-02 6.686908375172614938e-02
2.199999999999999872e-02 7.657069620694181844e-02 6.562683699901682155e-02
2.400000000000000050e-02 7.664295291898179374e-02 6.442172862946064782e-02
2.599999999999999881e-02 7.668337834526507690e-02 6.325695976522353881e-02
2.800000000000000058e-02 7.669774189334291337e-02 6.213435164656565951e-02
2.999999999999999889e-02 7.668746511222382378e-02 6.105573008514861982e-02
3.500000000000000333e-02 7.655267194749522386e-02 5.852121957080799741e-02
4.000000000000000083e-02 7.632505632057640099e-02 5.627109826807956405e-02
4.499999999999999833e-02 7.602777554588237285e-02 5.425416681840818101e-02
5.000000000000000278e-02 7.566905687973779493e-02 5.244562554575036423e-02
5.500000000000000028e-02 7.525505519828998291e-02 5.081549693688415525e-02
5.999999999999999778e-02 7.479065982116867017e-02 4.934914939440209619e-02
6.500000000000000222e-02 7.428185462258128646e-02 4.803667680403927304e-02
7.000000000000000666e-02 7.373574789716533240e-02 4.686042826781821463e-02
7.499999999999999722e-02 7.316024106930885118e-02 4.579528058463529921e-02
8.000000000000000167e-02 7.256043043984300445e-02 4.481857282017086969e-02
8.500000000000000611e-02 7.194133489953739857e-02 4.390931283593471623e-02
8.999999999999999667e-02 7.130822747090216629e-02 4.305196744649329027e-02
9.500000000000000111e-02 7.066704820106002594e-02 4.223748260776469948e-02
