   0.102179300000    0.409211800000   -0.243693200000
   6.322330000000   -2.333594000000    3.363350000000
  12.234890000000    5.980700000000    7.934218000000
  -1.632913000000   -0.986826500000   -1.912963000000
  -1.518907000000    0.647966600000   -0.333845600000
  -1.477202000000   -0.875800900000   -0.144382500000
  -0.027015950000   -1.335892000000   -0.689067800000
  -1.027332000000    0.498297000000    0.408141900000
  -0.522711700000    0.548750900000    0.915843900000
  -1.371975000000   -0.270284600000    0.020963420000
   3.517083000000   -2.430628000000    1.020585000000
   0.318616000000    2.189660000000    0.796801500000
   0.218122100000    0.230802600000   -0.108904900000
   0.036481610000   -1.052610000000   -0.294373600000
  -1.805305000000   -0.505822500000    0.031906670000
   2.019116000000   -6.747214000000    2.664486000000
  -2.124330000000    2.085508000000    3.153482000000
  -0.176542300000   -0.139165200000    0.243779500000
   2.943111000000   -0.725688700000    3.255578000000
  -2.420236000000   -0.124658600000    0.589323700000
   0.521474100000   -2.892397000000    0.611080200000
   0.254229200000   -0.153722500000   -0.341911700000
   2.740525000000   -1.079551000000    4.928700000000
  -2.425498000000   -2.470483000000    0.718919000000
   6.747425000000   -3.961014000000    0.360369100000
  -0.919658000000   -1.890973000000    0.228471400000
   0.486774200000   -1.934775000000    0.115595700000
   0.224054000000    0.753328500000    0.671401000000
  -4.715277000000   18.869540000000    5.363191000000
  -2.241885000000   -0.107648700000   -2.026976000000
   0.281663100000    0.272629200000    0.565355400000
  25.395670000000  -24.483770000000   14.333910000000
  -0.849101000000   -1.167667000000   -0.464634400000
   0.979042400000    0.722201200000   -0.622570700000
  -0.047857960000    0.233466600000   -0.505030100000
  -1.609770000000   -0.830335000000    0.129876300000
   0.547466800000   -3.295406000000   -1.123294000000
  -0.712089700000   -0.864984000000   -0.295444600000
   0.293274300000   -1.596474000000    3.551160000000
  -0.014031510000   -0.355456500000   -0.464936200000
  -1.084791000000    1.537294000000   -1.576222000000
  -5.795759000000  -12.629910000000   -5.547275000000
   0.402170000000   -0.181892800000    0.201622500000
   0.203797000000    1.497710000000   -1.278652000000
  -0.031874530000    1.109161000000    2.907917000000
  -0.164587100000   -0.453543400000    0.331668800000
  -0.708327500000    0.133640000000   -1.037127000000
  -0.124448300000    0.192709000000   -0.333778600000
   0.855090200000   -0.152575800000    2.808177000000
   3.335620000000    0.548921000000    1.541345000000
   1.244261000000    0.444321800000    0.282420300000
   0.392001000000    0.047962200000   -1.275879000000
  -0.312091600000   -0.230871200000   -2.483386000000
  -0.302794900000   -2.309331000000    1.791815000000
   0.977393500000    1.642532000000   -2.722170000000
   5.750751000000   -3.665625000000    4.904253000000
  -0.393592900000   -0.364431700000   -0.478075500000
   0.875003800000   -0.270160900000    1.431867000000
   0.646472700000   -0.354182000000    0.428492600000
  -0.140709100000    1.341493000000   -0.917854000000
   1.466286000000   -0.223765000000   -0.118329800000
  -1.117241000000   -0.441312000000    0.211992300000
  -1.365897000000   -0.967393300000    0.191683000000
  -1.595097000000    0.639728700000    1.606714000000
  -1.324578000000    0.654623300000   -0.390027800000
   0.331944700000   -1.078570000000    2.104827000000
   1.864520000000    1.554093000000    2.332265000000
   0.392495400000    0.523574800000   -0.561843000000
  -3.219389000000    3.617776000000   -5.060419000000
   0.281160900000    0.154650700000    1.004617000000
  -1.501900000000   -0.628348200000   -3.227288000000
   2.046369000000   -0.140383300000    0.436487300000
  -0.443464100000   -0.469025000000   -0.018290240000
  -1.277390000000    0.999025900000    1.833625000000
   0.485183100000   -2.230124000000    0.936571600000
   0.060080650000    0.098819730000   -1.526513000000
  -1.323293000000   -1.370482000000    1.912075000000
  -1.405917000000    3.046227000000    0.223821500000
  -3.891149000000   -1.140464000000   -1.989751000000
   1.000869000000    1.204157000000    0.928031000000
  -2.805244000000   -2.576905000000    1.975404000000
   0.185274800000   -0.806104500000   -0.183564000000
 -10.536090000000    6.878946000000    1.390455000000
  -0.843794200000    0.407939700000   -1.197152000000
   0.410877100000    1.883723000000    1.852112000000
   0.204536000000    0.278956600000   -0.846936900000
   0.802553100000   -0.391167500000   -1.436820000000
   1.027908000000   -0.329833500000    1.338837000000
  -0.640508500000   -6.160807000000   -2.821940000000
   2.100849000000    4.861982000000  -14.105420000000
   0.196284100000    2.868104000000   -0.277557600000
   0.998080200000   -0.690867200000   -0.575872700000
  -0.451983100000   -0.413755600000   -0.600023800000
   1.324576000000    0.480614400000    1.392780000000
  -1.067354000000   -0.785321400000   -0.565860900000
  -0.901254700000    0.327510200000    0.969182500000
  -1.672890000000    1.216741000000   -0.553519900000
   2.224859000000  -14.840500000000    1.779058000000
   0.880873100000    0.755274000000   -0.267686700000
   0.329618300000    0.112201500000   -0.286873200000
